   8.59375E+06   1.67330E-22   7.49610E+03   4.95469E-08   1.00000E+00   2.41520E-09   8.77648E-03   9.91224E-01   3.41615E-13   1.74803E-05   9.99983E-01
   2.57812E+07   1.67330E-22   7.51511E+03   2.98866E-07   1.00000E+00   6.97885E-08   4.19748E-02   9.58025E-01   1.24943E-11   1.05846E-04   9.99894E-01
   4.29688E+07   1.67330E-22   7.50594E+03   7.03382E-07   9.99999E-01   3.33698E-07   8.54289E-02   9.14571E-01   6.97030E-11   2.50732E-04   9.99749E-01
   6.01562E+07   1.67330E-22   7.58954E+03   1.20309E-06   9.99999E-01   1.08486E-06   1.63649E-01   8.36350E-01   1.99945E-10   4.21784E-04   9.99578E-01
   7.73438E+07   1.67330E-22   7.56571E+03   1.74888E-06   9.99998E-01   1.90289E-06   1.94854E-01   8.05144E-01   4.50523E-10   6.49106E-04   9.99351E-01
   9.45312E+07   1.67330E-22   7.56200E+03   2.37877E-06   9.99998E-01   2.73590E-06   2.03845E-01   7.96152E-01   8.03608E-10   8.45937E-04   9.99154E-01
   1.11719E+08   1.67330E-22   7.56187E+03   3.05498E-06   9.99997E-01   3.54715E-06   2.06108E-01   7.93888E-01   1.28704E-09   1.05733E-03   9.98943E-01
   1.28906E+08   1.67330E-22   7.56581E+03   3.71369E-06   9.99996E-01   5.68619E-06   2.69781E-01   7.30214E-01   1.97534E-09   1.32778E-03   9.98672E-01
   1.46094E+08   1.67330E-22   7.57086E+03   4.44508E-06   9.99996E-01   7.16751E-06   2.83170E-01   7.16823E-01   2.86176E-09   1.60008E-03   9.98400E-01
   1.63281E+08   1.67330E-22   7.58426E+03   5.13526E-06   9.99995E-01   1.02623E-05   3.49732E-01   6.50258E-01   3.83534E-09   1.85329E-03   9.98147E-01
   1.80469E+08   1.67330E-22   7.63315E+03   5.84890E-06   9.99994E-01   1.43911E-05   4.29716E-01   5.70270E-01   5.23842E-09   2.21607E-03   9.97784E-01
   1.97656E+08   1.67330E-22   7.60880E+03   6.67019E-06   9.99993E-01   1.65825E-05   4.34349E-01   5.65635E-01   6.76778E-09   2.50797E-03   9.97492E-01
   2.14844E+08   1.67330E-22   7.72274E+03   7.39352E-06   9.99993E-01   2.42114E-05   5.70986E-01   4.28990E-01   8.43077E-09   2.81534E-03   9.97185E-01
   2.32031E+08   1.67330E-22   7.72431E+03   8.22830E-06   9.99992E-01   2.72537E-05   5.82148E-01   4.17825E-01   1.03332E-08   3.09634E-03   9.96904E-01
   2.49219E+08   1.67330E-22   7.67464E+03   9.14956E-06   9.99991E-01   2.99955E-05   5.78464E-01   4.21506E-01   1.28172E-08   3.44646E-03   9.96554E-01
   2.66406E+08   1.67330E-22   7.69560E+03   9.93854E-06   9.99990E-01   3.58063E-05   6.37215E-01   3.62750E-01   1.52437E-08   3.76349E-03   9.96237E-01
   2.83594E+08   1.67330E-22   7.69305E+03   1.09841E-05   9.99989E-01   3.89020E-05   6.21417E-01   3.78544E-01   1.84091E-08   4.11391E-03   9.95886E-01
   3.00781E+08   1.67330E-22   7.66047E+03   1.20349E-05   9.99988E-01   4.22210E-05   6.10081E-01   3.89877E-01   2.32891E-08   4.72369E-03   9.95276E-01
   3.17969E+08   1.67330E-22   7.66424E+03   1.31750E-05   9.99987E-01   4.29215E-05   5.68090E-01   4.31867E-01   2.66243E-08   4.93896E-03   9.95061E-01
   3.35156E+08   1.67330E-22   7.64406E+03   1.45261E-05   9.99985E-01   4.22401E-05   5.09916E-01   4.90041E-01   3.20600E-08   5.40399E-03   9.94596E-01
   3.52344E+08   1.67330E-22   7.69592E+03   1.51775E-05   9.99985E-01   5.88436E-05   6.75506E-01   3.24436E-01   3.44941E-08   5.52341E-03   9.94477E-01
   3.69531E+08   1.67330E-22   7.68548E+03   1.62955E-05   9.99984E-01   6.63220E-05   6.99410E-01   3.00524E-01   4.11843E-08   6.11136E-03   9.93889E-01
   3.86719E+08   1.67330E-22   7.68999E+03   1.76213E-05   9.99982E-01   7.46137E-05   7.23351E-01   2.76574E-01   5.09497E-08   6.96854E-03   9.93031E-01
   4.03906E+08   1.67330E-22   7.70212E+03   1.89076E-05   9.99981E-01   8.12386E-05   7.40494E-01   2.59425E-01   5.61846E-08   7.15071E-03   9.92849E-01
   4.21094E+08   1.67330E-22   7.70043E+03   2.04619E-05   9.99980E-01   8.40550E-05   7.08350E-01   2.91566E-01   6.66627E-08   7.83177E-03   9.92168E-01
   4.38281E+08   1.67330E-22   7.66707E+03   2.19355E-05   9.99978E-01   8.95461E-05   7.00019E-01   2.99891E-01   7.60310E-08   8.27080E-03   9.91729E-01
   4.55469E+08   1.67330E-22   7.67547E+03   2.34079E-05   9.99977E-01   9.63650E-05   7.04906E-01   2.94997E-01   8.73952E-08   8.90040E-03   9.91100E-01
   4.72656E+08   1.67330E-22   7.67159E+03   2.47714E-05   9.99975E-01   1.05642E-04   7.28984E-01   2.70910E-01   1.01666E-07   9.74111E-03   9.90259E-01
   4.89844E+08   1.67330E-22   7.65689E+03   2.59665E-05   9.99974E-01   1.18235E-04   7.69240E-01   2.30642E-01   1.09910E-07   9.95691E-03   9.90043E-01
   5.07031E+08   1.67330E-22   7.64977E+03   2.78207E-05   9.99972E-01   1.27844E-04   7.71008E-01   2.28864E-01   1.29383E-07   1.09150E-02   9.89085E-01
   5.24219E+08   1.67330E-22   7.66390E+03   2.96371E-05   9.99970E-01   1.40235E-04   7.88504E-01   2.11356E-01   1.44979E-07   1.14478E-02   9.88552E-01
   5.41406E+08   1.67330E-22   7.67465E+03   3.15403E-05   9.99968E-01   1.56834E-04   8.19306E-01   1.80538E-01   1.63020E-07   1.20186E-02   9.87981E-01
   5.58594E+08   1.67330E-22   7.69497E+03   3.35373E-05   9.99966E-01   1.70399E-04   8.42426E-01   1.57404E-01   1.82798E-07   1.26527E-02   9.87347E-01
   5.75781E+08   1.67330E-22   7.66508E+03   3.56199E-05   9.99964E-01   1.83462E-04   8.48663E-01   1.51154E-01   2.05071E-07   1.32855E-02   9.86714E-01
   5.92969E+08   1.67330E-22   7.69241E+03   3.80860E-05   9.99962E-01   2.01753E-04   8.67295E-01   1.32503E-01   2.36031E-07   1.42776E-02   9.85722E-01
   6.10156E+08   1.67330E-22   7.67483E+03   4.05866E-05   9.99959E-01   2.09917E-04   8.44717E-01   1.55073E-01   2.68563E-07   1.51878E-02   9.84812E-01
   6.27344E+08   1.67330E-22   7.69217E+03   4.30524E-05   9.99957E-01   2.30659E-04   8.70379E-01   1.29391E-01   3.05783E-07   1.62416E-02   9.83758E-01
   6.44531E+08   1.67330E-22   7.67303E+03   4.57127E-05   9.99954E-01   2.49259E-04   8.76550E-01   1.23200E-01   3.45002E-07   1.71542E-02   9.82845E-01
   6.61719E+08   1.67330E-22   7.66970E+03   4.89975E-05   9.99951E-01   2.73792E-04   8.94053E-01   1.05673E-01   4.01425E-07   1.85549E-02   9.81445E-01
   6.78906E+08   1.67330E-22   7.66069E+03   5.19467E-05   9.99948E-01   2.96423E-04   8.99634E-01   1.00070E-01   4.75425E-07   2.05754E-02   9.79424E-01
   6.96094E+08   1.67330E-22   7.66117E+03   5.53281E-05   9.99945E-01   3.18905E-04   9.06594E-01   9.30872E-02   5.42843E-07   2.19628E-02   9.78037E-01
   7.13281E+08   1.67330E-22   7.65217E+03   5.89934E-05   9.99941E-01   3.41208E-04   9.09349E-01   9.03096E-02   6.13593E-07   2.32129E-02   9.76786E-01
   7.30469E+08   1.67330E-22   7.65693E+03   6.26390E-05   9.99937E-01   3.77834E-04   9.31435E-01   6.81869E-02   6.96637E-07   2.46519E-02   9.75347E-01
   7.47656E+08   1.67330E-22   7.65428E+03   6.68496E-05   9.99933E-01   4.04803E-04   9.37324E-01   6.22711E-02   7.91802E-07   2.61409E-02   9.73858E-01
   7.64844E+08   1.67330E-22   7.64338E+03   7.15683E-05   9.99928E-01   4.33338E-04   9.27120E-01   7.24465E-02   9.58889E-07   2.93946E-02   9.70604E-01
   7.82031E+08   1.67330E-22   7.66988E+03   7.62851E-05   9.99924E-01   4.80081E-04   9.51578E-01   4.79422E-02   1.08994E-06   3.12277E-02   9.68771E-01
   7.99219E+08   1.67330E-22   7.66339E+03   8.15440E-05   9.99918E-01   5.21672E-04   9.53171E-01   4.63076E-02   1.22041E-06   3.25149E-02   9.67484E-01
   8.16406E+08   1.67330E-22   7.65035E+03   8.66006E-05   9.99913E-01   5.53129E-04   9.54262E-01   4.51849E-02   1.42591E-06   3.54415E-02   9.64557E-01
   8.33594E+08   1.67330E-22   7.63736E+03   9.27915E-05   9.99907E-01   5.81822E-04   9.30687E-01   6.87309E-02   1.65074E-06   3.80754E-02   9.61923E-01
   8.50781E+08   1.67330E-22   7.62647E+03   9.93910E-05   9.99901E-01   6.34226E-04   9.32071E-01   6.72945E-02   1.90685E-06   4.06961E-02   9.59302E-01
   8.67969E+08   1.67330E-22   7.60751E+03   1.05313E-04   9.99895E-01   6.94311E-04   9.48398E-01   5.09078E-02   2.14420E-06   4.27400E-02   9.57258E-01
   8.85156E+08   1.67330E-22   7.58868E+03   1.12905E-04   9.99887E-01   7.43621E-04   9.30005E-01   6.92514E-02   2.48335E-06   4.58379E-02   9.54160E-01
   9.02344E+08   1.67330E-22   7.57683E+03   1.20564E-04   9.99879E-01   8.11288E-04   9.40695E-01   5.84940E-02   2.86297E-06   4.89472E-02   9.51050E-01
   9.19531E+08   1.67330E-22   7.56993E+03   1.28772E-04   9.99871E-01   8.83877E-04   9.49916E-01   4.91996E-02   3.28809E-06   5.20892E-02   9.47908E-01
   9.36719E+08   1.67330E-22   7.57161E+03   1.38491E-04   9.99862E-01   9.66042E-04   9.53097E-01   4.59369E-02   3.85667E-06   5.61539E-02   9.43842E-01
   9.53906E+08   1.67330E-22   7.57790E+03   1.49068E-04   9.99851E-01   1.05629E-03   9.57058E-01   4.18862E-02   4.42642E-06   5.93352E-02   9.40660E-01
   9.71094E+08   1.67330E-22   7.61130E+03   1.61796E-04   9.99838E-01   1.17457E-03   9.67156E-01   3.16698E-02   5.42556E-06   6.64610E-02   9.33534E-01
   9.88281E+08   1.67330E-22   7.60804E+03   1.73747E-04   9.99826E-01   1.27617E-03   9.62497E-01   3.62267E-02   6.48464E-06   7.30088E-02   9.26985E-01
   1.00547E+09   1.67330E-22   7.59026E+03   1.87474E-04   9.99813E-01   1.40560E-03   9.68479E-01   3.01154E-02   7.64869E-06   7.88154E-02   9.21177E-01
   1.02266E+09   1.67330E-22   7.59027E+03   2.02994E-04   9.99797E-01   1.53914E-03   9.71082E-01   2.73789E-02   8.87618E-06   8.33395E-02   9.16652E-01
   1.03984E+09   1.67330E-22   7.60206E+03   2.19695E-04   9.99780E-01   1.67680E-03   9.71861E-01   2.64626E-02   1.05507E-05   9.04428E-02   9.09547E-01
   1.05703E+09   1.67330E-22   7.62423E+03   2.39211E-04   9.99761E-01   1.86472E-03   9.75759E-01   2.23761E-02   1.26396E-05   9.77399E-02   9.02247E-01
   1.07422E+09   1.67330E-22   7.58505E+03   2.60432E-04   9.99740E-01   2.10645E-03   9.76527E-01   2.13661E-02   1.53988E-05   1.07466E-01   8.92519E-01
   1.09141E+09   1.67330E-22   7.62430E+03   2.84309E-04   9.99716E-01   2.33212E-03   9.73894E-01   2.37738E-02   1.92380E-05   1.21071E-01   8.78910E-01
   1.10859E+09   1.67330E-22   7.65975E+03   3.13556E-04   9.99686E-01   2.60113E-03   9.76890E-01   2.05085E-02   2.38460E-05   1.33806E-01   8.66170E-01
   1.12578E+09   1.67330E-22   7.71123E+03   3.48475E-04   9.99652E-01   2.86161E-03   9.64014E-01   3.31241E-02   2.94594E-05   1.46313E-01   8.53657E-01
   1.14297E+09   1.67330E-22   7.70728E+03   3.79149E-04   9.99621E-01   3.33293E-03   9.75110E-01   2.15572E-02   3.60348E-05   1.61806E-01   8.38158E-01
   1.16016E+09   1.67330E-22   7.71747E+03   4.20026E-04   9.99580E-01   3.76219E-03   9.72007E-01   2.42308E-02   4.69615E-05   1.85355E-01   8.14598E-01
   1.17734E+09   1.67330E-22   7.72553E+03   4.64375E-04   9.99536E-01   4.46503E-03   9.69087E-01   2.64482E-02   6.04708E-05   2.08954E-01   7.90986E-01
   1.19453E+09   1.67330E-22   7.77827E+03   5.22759E-04   9.99477E-01   5.09202E-03   9.73152E-01   2.17562E-02   7.45122E-05   2.23967E-01   7.75958E-01
   1.21172E+09   1.67330E-22   7.83095E+03   5.87616E-04   9.99412E-01   5.99318E-03   9.78787E-01   1.52198E-02   9.67261E-05   2.53573E-01   7.46331E-01
   1.22891E+09   1.67330E-22   7.90285E+03   6.65891E-04   9.99334E-01   7.24883E-03   9.77238E-01   1.55136E-02   1.29589E-04   2.90868E-01   7.09003E-01
   1.24609E+09   1.67330E-22   7.94569E+03   7.60166E-04   9.99240E-01   9.05794E-03   9.75233E-01   1.57087E-02   1.68540E-04   3.20366E-01   6.79465E-01
   1.26328E+09   1.67330E-22   8.02922E+03   8.71358E-04   9.99129E-01   1.13592E-02   9.79719E-01   8.92231E-03   2.27672E-04   3.68600E-01   6.31172E-01
   1.28047E+09   1.67330E-22   8.12741E+03   1.00959E-03   9.98990E-01   1.42937E-02   9.78969E-01   6.73739E-03   3.09677E-04   4.16610E-01   5.83080E-01
   1.29766E+09   1.67330E-22   8.23666E+03   1.19206E-03   9.98808E-01   2.01344E-02   9.74576E-01   5.28967E-03   4.34367E-04   4.76611E-01   5.22955E-01
   1.31484E+09   1.67330E-22   8.39129E+03   1.43087E-03   9.98569E-01   2.98770E-02   9.66908E-01   3.21521E-03   6.48749E-04   5.72551E-01   4.26801E-01
   1.33203E+09   1.67330E-22   8.55045E+03   1.78976E-03   9.98210E-01   5.15676E-02   9.45346E-01   3.08587E-03   9.82993E-04   6.66386E-01   3.32631E-01
   1.34922E+09   1.67330E-22   8.73518E+03   2.21375E-03   9.97786E-01   1.05962E-01   8.91498E-01   2.54021E-03   1.53451E-03   8.00067E-01   1.98398E-01
   1.36641E+09   1.67330E-22   8.86717E+03   2.94012E-03   9.97060E-01   3.43203E-01   6.56427E-01   3.69957E-04   2.46872E-03   9.33905E-01   6.36268E-02
   1.38359E+09   1.67330E-22   8.82729E+03   4.07090E-03   9.95929E-01   8.52181E-01   1.47813E-01   5.69239E-06   3.79712E-03   9.91884E-01   4.31939E-03
   1.40078E+09   1.67330E-22   8.93123E+03   6.14951E-03   9.93850E-01   9.84619E-01   1.53812E-02   1.66525E-07   6.09680E-03   9.93886E-01   1.67521E-05
   1.41797E+09   1.67330E-22   9.36208E+03   1.21954E-02   9.87805E-01   9.96725E-01   3.27486E-03   4.19327E-13   1.23138E-02   9.87686E-01   3.89051E-11
   1.43516E+09   1.67330E-22   9.71485E+03   3.80380E-02   9.61962E-01   1.00000E+00   2.18666E-07   5.22696E-16   4.06476E-02   9.59352E-01   4.62841E-13
   1.45234E+09   1.67330E-22   8.71525E+03   5.06428E-01   4.93572E-01   1.00000E+00   0.00000E+00   0.00000E+00   5.12499E-01   4.87501E-01   0.00000E+00
   1.46953E+09   1.67330E-22   1.00127E+01   1.00000E+00   0.00000E+00   1.00000E+00   0.00000E+00   0.00000E+00   1.00000E+00   4.87799E-08   0.00000E+00
   1.48672E+09   1.67330E-22   1.00058E+01   1.00000E+00   0.00000E+00   1.00000E+00   0.00000E+00   0.00000E+00   1.00000E+00   6.82300E-09   0.00000E+00
   1.50391E+09   1.67330E-22   1.00000E+01   1.00000E+00   0.00000E+00   1.00000E+00   0.00000E+00   0.00000E+00   1.00000E+00   0.00000E+00   0.00000E+00
   1.52109E+09   1.67330E-22   1.00014E+01   1.00000E+00   0.00000E+00   1.00000E+00   1.97694E-15   6.19361E-20   1.00000E+00   1.53293E-08   5.66540E-19
   1.53828E+09   1.67330E-22   1.00000E+01   1.00000E+00   0.00000E+00   1.00000E+00   6.19215E-17   1.72246E-20   1.00000E+00   6.75203E-13   1.16200E-19
   1.55547E+09   1.67330E-22   1.00003E+01   1.00000E+00   0.00000E+00   1.00000E+00   2.41391E-12   9.52266E-18   1.00000E+00   1.31306E-09   4.95316E-15
   1.57266E+09   1.67330E-22   1.00003E+01   1.00000E+00   0.00000E+00   1.00000E+00   6.00619E-13   2.39843E-18   1.00000E+00   8.65979E-10   2.01463E-15
   1.58984E+09   1.67330E-22   1.00002E+01   1.00000E+00   0.00000E+00   1.00000E+00   1.07981E-14   6.35376E-20   1.00000E+00   3.36198E-10   2.45783E-17
   1.60703E+09   1.67330E-22   1.00001E+01   1.00000E+00   0.00000E+00   1.00000E+00   6.28367E-12   5.99163E-20   1.00000E+00   7.87404E-11   1.05811E-17
   1.62422E+09   1.67330E-22   1.00001E+01   1.00000E+00   0.00000E+00   1.00000E+00   3.78189E-12   5.63449E-17   1.00000E+00   5.09455E-10   9.50191E-15
   1.64141E+09   1.67330E-22   1.00001E+01   1.00000E+00   0.00000E+00   1.00000E+00   1.21393E-12   3.94561E-17   1.00000E+00   3.57654E-10   5.20418E-15
   1.65859E+09   1.67330E-22   1.00001E+01   1.00000E+00   0.00000E+00   1.00000E+00   7.95210E-14   6.02553E-18   1.00000E+00   2.20488E-10   5.18807E-16
   1.67578E+09   1.67330E-22   1.00001E+01   1.00000E+00   0.00000E+00   1.00000E+00   6.36676E-14   6.74717E-18   1.00000E+00   1.23243E-10   3.65084E-16
   1.69297E+09   1.67330E-22   1.00001E+01   1.00000E+00   0.00000E+00   1.00000E+00   0.00000E+00   0.00000E+00   1.00000E+00   2.33568E-10   0.00000E+00
   1.71016E+09   1.67330E-22   1.00000E+01   1.00000E+00   0.00000E+00   1.00000E+00   0.00000E+00   0.00000E+00   1.00000E+00   0.00000E+00   0.00000E+00
   1.72734E+09   1.67330E-22   1.00001E+01   1.00000E+00   0.00000E+00   1.00000E+00   1.78276E-12   8.98575E-16   1.00000E+00   2.21806E-10   1.85945E-14
   1.74453E+09   1.67330E-22   1.00001E+01   1.00000E+00   0.00000E+00   1.00000E+00   1.55621E-12   8.62884E-16   1.00000E+00   1.95930E-10   9.86533E-15
   1.76172E+09   1.67330E-22   1.00001E+01   1.00000E+00   0.00000E+00   1.00000E+00   4.70439E-13   3.18548E-16   1.00000E+00   1.50659E-10   2.95202E-15
   1.77891E+09   1.67330E-22   1.00001E+01   1.00000E+00   0.00000E+00   1.00000E+00   1.10723E-12   3.11046E-16   1.00000E+00   1.03849E-10   1.94362E-15
   1.79609E+09   1.67330E-22   1.00001E+01   1.00000E+00   0.00000E+00   1.00000E+00   2.10852E-14   4.56228E-17   1.00000E+00   6.67443E-11   2.17216E-16
   1.81328E+09   1.67330E-22   1.00000E+01   1.00000E+00   0.00000E+00   1.00000E+00   3.55620E-13   3.88668E-17   1.00000E+00   4.16314E-11   1.44318E-16
   1.83047E+09   1.67330E-22   1.00001E+01   1.00000E+00   0.00000E+00   1.00000E+00   4.02204E-18   9.85429E-21   1.00000E+00   5.15865E-11   4.24230E-20
   1.84766E+09   1.67330E-22   1.00000E+01   1.00000E+00   0.00000E+00   1.00000E+00   3.21022E-18   5.71550E-21   1.00000E+00   1.63549E-16   3.69716E-20
   1.86484E+09   1.67330E-22   1.00000E+01   1.00000E+00   0.00000E+00   1.00000E+00   2.51255E-12   3.88862E-15   1.00000E+00   1.15786E-10   2.48898E-14
   1.88203E+09   1.67330E-22   1.00000E+01   1.00000E+00   0.00000E+00   1.00000E+00   1.71554E-12   2.63284E-15   1.00000E+00   1.12480E-10   1.98762E-14
   1.89922E+09   1.67330E-22   1.00000E+01   1.00000E+00   0.00000E+00   1.00000E+00   2.18537E-12   3.18533E-15   1.00000E+00   1.08617E-10   1.54696E-14
   1.91641E+09   1.67330E-22   1.00000E+01   1.00000E+00   0.00000E+00   1.00000E+00   1.38763E-12   1.48557E-15   1.00000E+00   1.02864E-10   1.34971E-14
   1.93359E+09   1.67330E-22   1.00000E+01   1.00000E+00   0.00000E+00   1.00000E+00   1.64228E-12   8.79232E-16   1.00000E+00   9.72410E-11   1.08749E-14
   1.95078E+09   1.67330E-22   1.00000E+01   1.00000E+00   0.00000E+00   1.00000E+00   1.75416E-12   9.30003E-16   1.00000E+00   9.10581E-11   8.75770E-15
   1.96797E+09   1.67330E-22   1.00000E+01   1.00000E+00   0.00000E+00   1.00000E+00   8.61572E-13   2.88573E-16   1.00000E+00   8.07031E-11   7.44449E-15
   1.98516E+09   1.67330E-22   1.00000E+01   1.00000E+00   0.00000E+00   1.00000E+00   3.25026E-13   1.16133E-16   1.00000E+00   6.95801E-11   5.46469E-15
   2.00234E+09   1.67330E-22   1.00000E+01   1.00000E+00   0.00000E+00   1.00000E+00   6.67384E-13   2.54467E-16   1.00000E+00   6.54783E-11   5.18442E-15
   2.01953E+09   1.67330E-22   1.00000E+01   1.00000E+00   0.00000E+00   1.00000E+00   6.26601E-13   1.99200E-16   1.00000E+00   4.85059E-11   3.85142E-15
   2.03672E+09   1.67330E-22   1.00000E+01   1.00000E+00   0.00000E+00   1.00000E+00   3.23590E-13   9.14401E-17   1.00000E+00   4.61828E-11   1.50649E-15
   2.05391E+09   1.67330E-22   1.00000E+01   1.00000E+00   0.00000E+00   1.00000E+00   2.35998E-13   8.10519E-17   1.00000E+00   3.44938E-11   1.03976E-15
   2.07109E+09   1.67330E-22   1.00000E+01   1.00000E+00   0.00000E+00   1.00000E+00   9.80149E-15   2.90053E-17   1.00000E+00   2.54032E-11   3.48765E-16
   2.08828E+09   1.67330E-22   1.00000E+01   1.00000E+00   0.00000E+00   1.00000E+00   9.55806E-15   1.50061E-17   1.00000E+00   1.77491E-11   2.70994E-16
   2.10547E+09   1.67330E-22   1.00000E+01   1.00000E+00   0.00000E+00   1.00000E+00   9.12686E-15   1.60770E-17   1.00000E+00   2.33538E-11   2.37638E-16
   2.12266E+09   1.67330E-22   1.00000E+01   1.00000E+00   0.00000E+00   1.00000E+00   8.96007E-15   7.30777E-18   1.00000E+00   1.43508E-11   1.87529E-16
   2.13984E+09   1.67330E-22   1.00000E+01   1.00000E+00   0.00000E+00   1.00000E+00   2.12698E-12   1.41997E-15   1.00000E+00   5.04415E-11   2.99936E-14
   2.15703E+09   1.67330E-22   1.00000E+01   1.00000E+00   0.00000E+00   1.00000E+00   2.11574E-12   9.47693E-16   1.00000E+00   5.02772E-11   2.77889E-14
   2.17422E+09   1.67330E-22   1.00000E+01   1.00000E+00   0.00000E+00   1.00000E+00   1.93919E-12   1.84036E-15   1.00000E+00   5.00727E-11   2.42306E-14
   2.19141E+09   1.67330E-22   1.00000E+01   1.00000E+00   0.00000E+00   1.00000E+00   1.85666E-12   8.95973E-16   1.00000E+00   4.98664E-11   1.21183E-14
   2.20859E+09   1.67330E-22   1.00000E+01   1.00000E+00   0.00000E+00   1.00000E+00   1.75692E-12   8.32299E-16   1.00000E+00   4.95009E-11   1.00801E-14
   2.22578E+09   1.67330E-22   1.00000E+01   1.00000E+00   0.00000E+00   1.00000E+00   1.55351E-12   7.02951E-16   1.00000E+00   4.91999E-11   9.03245E-15
   2.24297E+09   1.67330E-22   1.00000E+01   1.00000E+00   0.00000E+00   1.00000E+00   1.45490E-12   1.31773E-15   1.00000E+00   4.89046E-11   9.43283E-15
   2.26016E+09   1.67330E-22   1.00000E+01   1.00000E+00   0.00000E+00   1.00000E+00   1.39131E-12   2.48433E-16   1.00000E+00   4.84355E-11   6.88094E-15
   2.27734E+09   1.67330E-22   1.00000E+01   1.00000E+00   0.00000E+00   1.00000E+00   1.28517E-12   3.18981E-16   1.00000E+00   4.77018E-11   1.01409E-14
   2.29453E+09   1.67330E-22   1.00000E+01   1.00000E+00   0.00000E+00   1.00000E+00   1.25327E-12   2.71624E-16   1.00000E+00   4.70115E-11   8.97035E-15
   2.31172E+09   1.67330E-22   1.00000E+01   1.00000E+00   0.00000E+00   1.00000E+00   1.20280E-12   2.62730E-16   1.00000E+00   4.63290E-11   8.57911E-15
   2.32891E+09   1.67330E-22   1.00000E+01   1.00000E+00   0.00000E+00   1.00000E+00   9.99893E-13   1.86951E-16   1.00000E+00   4.56549E-11   8.70822E-15
   2.34609E+09   1.67330E-22   1.00000E+01   1.00000E+00   0.00000E+00   1.00000E+00   6.13385E-13   1.41162E-16   1.00000E+00   4.51105E-11   8.48661E-15
   2.36328E+09   1.67330E-22   1.00000E+01   1.00000E+00   0.00000E+00   1.00000E+00   5.69607E-13   1.31716E-16   1.00000E+00   4.39903E-11   7.63500E-15
   2.38047E+09   1.67330E-22   1.00000E+01   1.00000E+00   0.00000E+00   1.00000E+00   7.35547E-13   1.48118E-16   1.00000E+00   4.33932E-11   6.65939E-15
   2.39766E+09   1.67330E-22   1.00000E+01   1.00000E+00   0.00000E+00   1.00000E+00   8.14340E-13   1.59696E-16   1.00000E+00   4.18420E-11   6.35056E-15
   2.41484E+09   1.67330E-22   1.00000E+01   1.00000E+00   0.00000E+00   1.00000E+00   2.93238E-13   1.49030E-16   1.00000E+00   3.94167E-11   1.50071E-14
   2.43203E+09   1.67330E-22   1.00000E+01   1.00000E+00   0.00000E+00   1.00000E+00   3.31535E-13   1.22682E-16   1.00000E+00   3.74015E-11   1.41558E-14
   2.44922E+09   1.67330E-22   1.00000E+01   1.00000E+00   0.00000E+00   1.00000E+00   3.01837E-13   1.15329E-16   1.00000E+00   3.59201E-11   1.39891E-14
   2.46641E+09   1.67330E-22   1.00000E+01   1.00000E+00   0.00000E+00   1.00000E+00   2.62928E-13   1.39875E-16   1.00000E+00   3.59567E-11   1.32516E-14
   2.48359E+09   1.67330E-22   1.00000E+01   1.00000E+00   0.00000E+00   1.00000E+00   2.55676E-13   1.95150E-16   1.00000E+00   3.52502E-11   1.25578E-14
   2.50078E+09   1.67330E-22   1.00000E+01   1.00000E+00   0.00000E+00   1.00000E+00   1.38698E-13   2.03420E-16   1.00000E+00   3.12972E-11   1.19961E-14
   2.51797E+09   1.67330E-22   1.00000E+01   1.00000E+00   0.00000E+00   1.00000E+00   1.31486E-13   1.94899E-16   1.00000E+00   3.00396E-11   1.13928E-14
   2.53516E+09   1.67330E-22   1.00000E+01   1.00000E+00   0.00000E+00   1.00000E+00   1.36057E-13   1.73236E-16   1.00000E+00   2.91016E-11   1.11335E-14
   2.55234E+09   1.67330E-22   1.00000E+01   1.00000E+00   0.00000E+00   1.00000E+00   1.20876E-13   1.82963E-16   1.00000E+00   2.64665E-11   1.06868E-14
   2.56953E+09   1.67330E-22   1.00000E+01   1.00000E+00   0.00000E+00   1.00000E+00   1.26502E-13   1.47188E-16   1.00000E+00   2.37245E-11   1.05562E-14
   2.58672E+09   1.67330E-22   1.00000E+01   1.00000E+00   0.00000E+00   1.00000E+00   6.36991E-14   5.76034E-17   1.00000E+00   2.42910E-11   4.07294E-15
   2.60391E+09   1.67330E-22   1.00000E+01   1.00000E+00   0.00000E+00   1.00000E+00   2.78015E-14   2.58063E-17   1.00000E+00   2.09096E-11   3.98043E-15
   2.62109E+09   1.67330E-22   1.00000E+01   1.00000E+00   0.00000E+00   1.00000E+00   9.36826E-15   7.63429E-18   1.00000E+00   2.13591E-11   1.48514E-15
   2.63828E+09   1.67330E-22   1.00000E+01   1.00000E+00   0.00000E+00   1.00000E+00   4.56649E-15   4.77704E-18   1.00000E+00   1.59426E-11   1.37507E-15
   2.65547E+09   1.67330E-22   1.00000E+01   1.00000E+00   0.00000E+00   1.00000E+00   4.55475E-15   1.16613E-18   1.00000E+00   1.63980E-11   1.29033E-15
   2.67266E+09   1.67330E-22   1.00000E+01   1.00000E+00   0.00000E+00   1.00000E+00   4.54470E-15   1.13205E-18   1.00000E+00   1.47143E-11   1.18084E-15
   2.68984E+09   1.67330E-22   1.00000E+01   1.00000E+00   0.00000E+00   1.00000E+00   4.53245E-15   1.28977E-18   1.00000E+00   1.11764E-11   1.12027E-15
   2.70703E+09   1.67330E-22   1.00000E+01   1.00000E+00   0.00000E+00   1.00000E+00   4.52116E-15   1.25068E-18   1.00000E+00   1.07396E-11   1.00630E-15
   2.72422E+09   1.67330E-22   1.00000E+01   1.00000E+00   0.00000E+00   1.00000E+00   1.12973E-14   4.38609E-18   1.00000E+00   2.46586E-11   2.46707E-15
   2.74141E+09   1.67330E-22   1.00000E+01   1.00000E+00   0.00000E+00   1.00000E+00   1.12729E-14   6.24390E-18   1.00000E+00   1.81322E-11   2.42563E-15
   2.75859E+09   1.67330E-22   1.00000E+01   1.00000E+00   0.00000E+00   1.00000E+00   1.07063E-13   2.45305E-18   1.00000E+00   8.10325E-12   8.75348E-16
   2.77578E+09   1.67330E-22   1.00000E+01   1.00000E+00   0.00000E+00   1.00000E+00   8.92507E-14   2.38907E-18   1.00000E+00   5.62282E-12   8.46731E-16
   2.79297E+09   1.67330E-22   1.00000E+01   1.00000E+00   0.00000E+00   1.00000E+00   1.78829E-15   9.34845E-19   1.00000E+00   4.29664E-12   3.11168E-16
   2.81016E+09   1.67330E-22   1.00000E+01   1.00000E+00   0.00000E+00   1.00000E+00   3.02389E-13   9.13258E-19   1.00000E+00   4.22128E-12   3.11605E-16
   2.82734E+09   1.67330E-22   1.00000E+01   1.00000E+00   0.00000E+00   1.00000E+00   1.13483E-16   5.76192E-20   1.00000E+00   5.01970E-12   1.78804E-17
   2.84453E+09   1.67330E-22   1.00000E+01   1.00000E+00   0.00000E+00   1.00000E+00   1.13110E-16   5.78667E-20   1.00000E+00   4.22338E-12   1.66562E-17
   2.86172E+09   1.67330E-22   1.00000E+01   1.00000E+00   0.00000E+00   1.00000E+00   0.00000E+00   0.00000E+00   1.00000E+00   4.19532E-12   0.00000E+00
   2.87891E+09   1.67330E-22   1.00000E+01   1.00000E+00   0.00000E+00   1.00000E+00   0.00000E+00   0.00000E+00   1.00000E+00   1.58688E-12   0.00000E+00
   2.89609E+09   1.67330E-22   1.00000E+01   1.00000E+00   0.00000E+00   1.00000E+00   1.06494E-12   1.80853E-15   1.00000E+00   2.07678E-11   1.16274E-13
   2.91328E+09   1.67330E-22   1.00000E+01   1.00000E+00   0.00000E+00   1.00000E+00   1.06012E-12   9.02602E-16   1.00000E+00   2.07759E-11   1.02966E-13
   2.93047E+09   1.67330E-22   1.00000E+01   1.00000E+00   0.00000E+00   1.00000E+00   1.06060E-12   8.48190E-16   1.00000E+00   2.07616E-11   1.06081E-13
   2.94766E+09   1.67330E-22   1.00000E+01   1.00000E+00   0.00000E+00   1.00000E+00   1.05293E-12   7.40109E-16   1.00000E+00   2.07670E-11   8.97838E-14
   2.96484E+09   1.67330E-22   1.00000E+01   1.00000E+00   0.00000E+00   1.00000E+00   1.04693E-12   3.78335E-16   1.00000E+00   2.07719E-11   7.12510E-14
   2.98203E+09   1.67330E-22   1.00000E+01   1.00000E+00   0.00000E+00   1.00000E+00   1.03916E-12   3.63211E-16   1.00000E+00   2.07657E-11   7.00371E-14
   2.99922E+09   1.67330E-22   1.00000E+01   1.00000E+00   0.00000E+00   1.00000E+00   1.03081E-12   3.55388E-16   1.00000E+00   2.07676E-11   6.51965E-14
   3.01641E+09   1.67330E-22   1.00000E+01   1.00000E+00   0.00000E+00   1.00000E+00   1.03487E-12   3.86759E-16   1.00000E+00   2.07495E-11   6.19593E-14
   3.03359E+09   1.67330E-22   1.00000E+01   1.00000E+00   0.00000E+00   1.00000E+00   1.03333E-12   6.25379E-17   1.00000E+00   2.07219E-11   5.76109E-14
   3.05078E+09   1.67330E-22   1.00000E+01   1.00000E+00   0.00000E+00   1.00000E+00   1.02484E-12   4.62529E-17   1.00000E+00   2.07116E-11   5.75798E-14
   3.06797E+09   1.67330E-22   1.00000E+01   1.00000E+00   0.00000E+00   1.00000E+00   1.01470E-12   4.94596E-17   1.00000E+00   2.07002E-11   4.85182E-14
   3.08516E+09   1.67330E-22   1.00000E+01   1.00000E+00   0.00000E+00   1.00000E+00   1.00101E-12   4.66718E-17   1.00000E+00   2.06883E-11   3.74986E-14
   3.10234E+09   1.67330E-22   1.00000E+01   1.00000E+00   0.00000E+00   1.00000E+00   9.95355E-13   4.70848E-17   1.00000E+00   2.06556E-11   3.29983E-14
   3.11953E+09   1.67330E-22   1.00000E+01   1.00000E+00   0.00000E+00   1.00000E+00   9.86315E-13   5.09399E-17   1.00000E+00   2.06368E-11   2.88418E-14
   3.13672E+09   1.67330E-22   1.00000E+01   1.00000E+00   0.00000E+00   1.00000E+00   9.85176E-13   3.82031E-17   1.00000E+00   2.06312E-11   2.97425E-14
   3.15391E+09   1.67330E-22   1.00000E+01   1.00000E+00   0.00000E+00   1.00000E+00   9.74269E-13   4.43110E-17   1.00000E+00   2.05926E-11   2.30937E-14
   3.17109E+09   1.67330E-22   1.00000E+01   1.00000E+00   0.00000E+00   1.00000E+00   9.52696E-13   3.89888E-17   1.00000E+00   2.05719E-11   1.92728E-14
   3.18828E+09   1.67330E-22   1.00000E+01   1.00000E+00   0.00000E+00   1.00000E+00   9.39315E-13   3.91484E-17   1.00000E+00   2.05438E-11   1.84545E-14
   3.20547E+09   1.67330E-22   1.00000E+01   1.00000E+00   0.00000E+00   1.00000E+00   9.23284E-13   4.30763E-17   1.00000E+00   2.05261E-11   2.05464E-14
   3.22266E+09   1.67330E-22   1.00000E+01   1.00000E+00   0.00000E+00   1.00000E+00   9.10600E-13   3.65302E-17   1.00000E+00   2.04892E-11   1.64282E-14
   3.23984E+09   1.67330E-22   1.00000E+01   1.00000E+00   0.00000E+00   1.00000E+00   9.04604E-13   4.08180E-17   1.00000E+00   2.04426E-11   1.31798E-14
   3.25703E+09   1.67330E-22   1.00000E+01   1.00000E+00   0.00000E+00   1.00000E+00   8.67141E-13   3.80813E-17   1.00000E+00   2.03837E-11   1.17360E-14
   3.27422E+09   1.67330E-22   1.00000E+01   1.00000E+00   0.00000E+00   1.00000E+00   8.36676E-13   2.95300E-17   1.00000E+00   2.03369E-11   9.42256E-15
   3.29141E+09   1.67330E-22   1.00000E+01   1.00000E+00   0.00000E+00   1.00000E+00   8.52529E-13   3.70745E-17   1.00000E+00   2.02996E-11   8.39972E-15
   3.30859E+09   1.67330E-22   1.00000E+01   1.00000E+00   0.00000E+00   1.00000E+00   8.37204E-13   2.94081E-17   1.00000E+00   2.02776E-11   9.25110E-15
   3.32578E+09   1.67330E-22   1.00000E+01   1.00000E+00   0.00000E+00   1.00000E+00   8.18134E-13   2.70421E-17   1.00000E+00   2.02047E-11   8.77117E-15
   3.34297E+09   1.67330E-22   1.00000E+01   1.00000E+00   0.00000E+00   1.00000E+00   8.29592E-13   2.73387E-17   1.00000E+00   2.01295E-11   7.01806E-15
   3.36016E+09   1.67330E-22   1.00000E+01   1.00000E+00   0.00000E+00   1.00000E+00   7.98552E-13   2.49352E-17   1.00000E+00   2.00842E-11   6.05682E-15
   3.37734E+09   1.67330E-22   1.00000E+01   1.00000E+00   0.00000E+00   1.00000E+00   7.91849E-13   2.56167E-17   1.00000E+00   2.00397E-11   5.12090E-15
   3.39453E+09   1.67330E-22   1.00000E+01   1.00000E+00   0.00000E+00   1.00000E+00   7.67501E-13   2.56092E-17   1.00000E+00   1.99558E-11   4.27749E-15
   3.41172E+09   1.67330E-22   1.00000E+01   1.00000E+00   0.00000E+00   1.00000E+00   7.57181E-13   2.78347E-17   1.00000E+00   1.98883E-11   4.01688E-15
   3.42891E+09   1.67330E-22   1.00000E+01   1.00000E+00   0.00000E+00   1.00000E+00   7.32416E-13   3.18677E-17   1.00000E+00   1.97815E-11   3.95174E-15
   3.44609E+09   1.67330E-22   1.00000E+01   1.00000E+00   0.00000E+00   1.00000E+00   6.68741E-13   3.26590E-17   1.00000E+00   1.97087E-11   3.65281E-15
   3.46328E+09   1.67330E-22   1.00000E+01   1.00000E+00   0.00000E+00   1.00000E+00   6.49032E-13   3.05608E-17   1.00000E+00   1.95938E-11   3.15662E-15
   3.48047E+09   1.67330E-22   1.00000E+01   1.00000E+00   0.00000E+00   1.00000E+00   5.83964E-13   3.45999E-17   1.00000E+00   1.94022E-11   3.07715E-15
   3.49766E+09   1.67330E-22   1.00000E+01   1.00000E+00   0.00000E+00   1.00000E+00   5.71074E-13   3.25860E-17   1.00000E+00   1.92592E-11   2.78547E-15
   3.51484E+09   1.67330E-22   1.00000E+01   1.00000E+00   0.00000E+00   1.00000E+00   5.33904E-13   3.34010E-17   1.00000E+00   1.92029E-11   2.70269E-15
   3.53203E+09   1.67330E-22   1.00000E+01   1.00000E+00   0.00000E+00   1.00000E+00   5.07629E-13   3.16730E-17   1.00000E+00   1.91968E-11   2.42450E-15
   3.54922E+09   1.67330E-22   1.00000E+01   1.00000E+00   0.00000E+00   1.00000E+00   5.54213E-13   8.89495E-17   1.00000E+00   1.89843E-11   4.76057E-15
   3.56641E+09   1.67330E-22   1.00000E+01   1.00000E+00   0.00000E+00   1.00000E+00   4.79303E-13   8.84730E-17   1.00000E+00   1.87992E-11   4.76462E-15
   3.58359E+09   1.67330E-22   1.00000E+01   1.00000E+00   0.00000E+00   1.00000E+00   5.06516E-13   1.00363E-16   1.00000E+00   1.87318E-11   4.54548E-15
   3.60078E+09   1.67330E-22   1.00000E+01   1.00000E+00   0.00000E+00   1.00000E+00   4.63618E-13   6.50494E-17   1.00000E+00   1.85030E-11   4.63598E-15
   3.61797E+09   1.67330E-22   1.00000E+01   1.00000E+00   0.00000E+00   1.00000E+00   4.34299E-13   5.43293E-17   1.00000E+00   1.83034E-11   4.51535E-15
   3.63516E+09   1.67330E-22   1.00000E+01   1.00000E+00   0.00000E+00   1.00000E+00   4.46354E-13   5.48186E-17   1.00000E+00   1.82433E-11   4.51983E-15
   3.65234E+09   1.67330E-22   1.00000E+01   1.00000E+00   0.00000E+00   1.00000E+00   4.12727E-13   5.19063E-17   1.00000E+00   1.82829E-11   4.56809E-15
   3.66953E+09   1.67330E-22   1.00000E+01   1.00000E+00   0.00000E+00   1.00000E+00   3.94354E-13   5.48987E-17   1.00000E+00   1.81611E-11   4.30238E-15
   3.68672E+09   1.67330E-22   1.00000E+01   1.00000E+00   0.00000E+00   1.00000E+00   3.85403E-13   6.26838E-17   1.00000E+00   1.79833E-11   4.21544E-15
   3.70391E+09   1.67330E-22   1.00000E+01   1.00000E+00   0.00000E+00   1.00000E+00   3.36494E-13   6.03872E-17   1.00000E+00   1.77422E-11   4.13104E-15
   3.72109E+09   1.67330E-22   1.00000E+01   1.00000E+00   0.00000E+00   1.00000E+00   3.36026E-13   5.45166E-17   1.00000E+00   1.74803E-11   4.04501E-15
   3.73828E+09   1.67330E-22   1.00000E+01   1.00000E+00   0.00000E+00   1.00000E+00   2.76277E-13   5.12756E-17   1.00000E+00   1.71995E-11   4.00085E-15
   3.75547E+09   1.67330E-22   1.00000E+01   1.00000E+00   0.00000E+00   1.00000E+00   2.38418E-13   4.71639E-17   1.00000E+00   1.70704E-11   3.97872E-15
   3.77266E+09   1.67330E-22   1.00000E+01   1.00000E+00   0.00000E+00   1.00000E+00   2.70250E-13   6.11557E-17   1.00000E+00   1.66955E-11   3.95081E-15
   3.78984E+09   1.67330E-22   1.00000E+01   1.00000E+00   0.00000E+00   1.00000E+00   2.27628E-13   5.91253E-17   1.00000E+00   1.63297E-11   3.89483E-15
   3.80703E+09   1.67330E-22   1.00000E+01   1.00000E+00   0.00000E+00   1.00000E+00   2.75366E-13   7.13597E-17   1.00000E+00   1.60350E-11   3.85702E-15
   3.82422E+09   1.67330E-22   1.00000E+01   1.00000E+00   0.00000E+00   1.00000E+00   2.39243E-13   7.86436E-17   1.00000E+00   1.56619E-11   3.80899E-15
   3.84141E+09   1.67330E-22   1.00000E+01   1.00000E+00   0.00000E+00   1.00000E+00   2.40807E-13   6.75474E-17   1.00000E+00   1.51625E-11   3.78186E-15
   3.85859E+09   1.67330E-22   1.00000E+01   1.00000E+00   0.00000E+00   1.00000E+00   1.74624E-13   5.54580E-17   1.00000E+00   1.48798E-11   3.73392E-15
   3.87578E+09   1.67330E-22   1.00000E+01   1.00000E+00   0.00000E+00   1.00000E+00   1.59214E-13   5.92732E-17   1.00000E+00   1.46750E-11   3.70182E-15
   3.89297E+09   1.67330E-22   1.00000E+01   1.00000E+00   0.00000E+00   1.00000E+00   1.56607E-13   6.62799E-17   1.00000E+00   1.43192E-11   3.64671E-15
   3.91016E+09   1.67330E-22   1.00000E+01   1.00000E+00   0.00000E+00   1.00000E+00   1.24466E-13   5.85105E-17   1.00000E+00   1.40547E-11   3.61912E-15
   3.92734E+09   1.67330E-22   1.00000E+01   1.00000E+00   0.00000E+00   1.00000E+00   1.03055E-13   4.67946E-17   1.00000E+00   1.38438E-11   3.59684E-15
   3.94453E+09   1.67330E-22   1.00000E+01   1.00000E+00   0.00000E+00   1.00000E+00   8.62990E-14   4.16471E-17   1.00000E+00   1.38483E-11   3.56425E-15
   3.96172E+09   1.67330E-22   1.00000E+01   1.00000E+00   0.00000E+00   1.00000E+00   8.85431E-14   4.82752E-17   1.00000E+00   1.38244E-11   3.55006E-15
   3.97891E+09   1.67330E-22   1.00000E+01   1.00000E+00   0.00000E+00   1.00000E+00   1.19954E-13   4.68004E-17   1.00000E+00   1.32426E-11   3.55338E-15
   3.99609E+09   1.67330E-22   1.00000E+01   1.00000E+00   0.00000E+00   1.00000E+00   1.23829E-13   4.57601E-17   1.00000E+00   1.24460E-11   3.48228E-15
   4.01328E+09   1.67330E-22   1.00000E+01   1.00000E+00   0.00000E+00   1.00000E+00   1.34298E-13   4.42941E-17   1.00000E+00   1.15989E-11   3.44074E-15
   4.03047E+09   1.67330E-22   1.00000E+01   1.00000E+00   0.00000E+00   1.00000E+00   1.22491E-13   5.25361E-17   1.00000E+00   1.10059E-11   3.40581E-15
   4.04766E+09   1.67330E-22   1.00000E+01   1.00000E+00   0.00000E+00   1.00000E+00   9.33333E-14   4.12058E-17   1.00000E+00   1.07472E-11   3.33336E-15
   4.06484E+09   1.67330E-22   1.00000E+01   1.00000E+00   0.00000E+00   1.00000E+00   6.02544E-14   4.38787E-17   1.00000E+00   1.09041E-11   3.27656E-15
   4.08203E+09   1.67330E-22   1.00000E+01   1.00000E+00   0.00000E+00   1.00000E+00   3.80839E-14   4.18852E-17   1.00000E+00   1.00343E-11   3.24668E-15
   4.09922E+09   1.67330E-22   1.00000E+01   1.00000E+00   0.00000E+00   1.00000E+00   6.31096E-14   3.81754E-17   1.00000E+00   9.36895E-12   3.18015E-15
   4.11641E+09   1.67330E-22   1.00000E+01   1.00000E+00   0.00000E+00   1.00000E+00   6.70782E-14   4.42867E-17   1.00000E+00   8.94486E-12   3.15814E-15
   4.13359E+09   1.67330E-22   1.00000E+01   1.00000E+00   0.00000E+00   1.00000E+00   1.30898E-13   5.15176E-17   1.00000E+00   8.02569E-12   3.10114E-15
   4.15078E+09   1.67330E-22   1.00000E+01   1.00000E+00   0.00000E+00   1.00000E+00   6.85691E-14   3.33329E-17   1.00000E+00   7.93850E-12   3.04865E-15
   4.16797E+09   1.67330E-22   1.00000E+01   1.00000E+00   0.00000E+00   1.00000E+00   4.62617E-14   1.02304E-17   1.00000E+00   7.64704E-12   1.19017E-15
   4.18516E+09   1.67330E-22   1.00000E+01   1.00000E+00   0.00000E+00   1.00000E+00   3.96502E-14   1.04615E-17   1.00000E+00   7.38461E-12   1.16359E-15
   4.20234E+09   1.67330E-22   1.00000E+01   1.00000E+00   0.00000E+00   1.00000E+00   5.67203E-14   8.99943E-18   1.00000E+00   6.68307E-12   1.12974E-15
   4.21953E+09   1.67330E-22   1.00000E+01   1.00000E+00   0.00000E+00   1.00000E+00   6.26377E-14   8.55502E-18   1.00000E+00   6.74608E-12   1.07278E-15
   4.23672E+09   1.67330E-22   1.00000E+01   1.00000E+00   0.00000E+00   1.00000E+00   4.50596E-14   6.53654E-18   1.00000E+00   6.00975E-12   1.04816E-15
   4.25391E+09   1.67330E-22   1.00000E+01   1.00000E+00   0.00000E+00   1.00000E+00   3.79581E-14   7.67111E-18   1.00000E+00   5.40109E-12   9.96449E-16
   4.27109E+09   1.67330E-22   1.00000E+01   1.00000E+00   0.00000E+00   1.00000E+00   5.61896E-14   8.15876E-18   1.00000E+00   4.72346E-12   9.55013E-16
   4.28828E+09   1.67330E-22   1.00000E+01   1.00000E+00   0.00000E+00   1.00000E+00   5.13905E-14   6.64224E-18   1.00000E+00   3.55741E-12   9.12116E-16
   4.30547E+09   1.67330E-22   1.00000E+01   1.00000E+00   0.00000E+00   1.00000E+00   8.25348E-14   5.68535E-18   1.00000E+00   2.42994E-12   8.43781E-16
   4.32266E+09   1.67330E-22   1.00000E+01   1.00000E+00   0.00000E+00   1.00000E+00   6.61659E-14   5.01976E-18   1.00000E+00   2.63631E-12   8.26973E-16
   4.33984E+09   1.67330E-22   1.00000E+01   1.00000E+00   0.00000E+00   1.00000E+00   4.03715E-14   2.33550E-18   1.00000E+00   2.03019E-12   2.96944E-16
   4.35703E+09   1.67330E-22   1.00000E+01   1.00000E+00   0.00000E+00   1.00000E+00   7.87545E-15   1.87142E-18   1.00000E+00   1.94383E-12   2.63843E-16
   4.37422E+09   1.67330E-22   1.00000E+01   1.00000E+00   0.00000E+00   1.00000E+00   2.51912E-14   5.17414E-18   1.00000E+00   3.62530E-12   5.55687E-16
   4.39141E+09   1.67330E-22   1.00000E+01   1.00000E+00   0.00000E+00   1.00000E+00   2.46110E-14   3.14415E-18   1.00000E+00   3.68112E-12   4.73835E-16
