1.000000e+04         8.709636e-24
1.122018e+04         3.467369e-23
1.258925e+04         6.760830e-23
1.412538e+04         1.202264e-22
1.584893e+04         1.621810e-22
1.778279e+04         1.584893e-22
1.995262e+04         1.380384e-22
2.238721e+04         1.258925e-22
2.511886e+04         1.318257e-22
2.818383e+04         1.513561e-22
3.162278e+04         1.862087e-22
3.548134e+04         2.344229e-22
3.981072e+04         2.951209e-22
4.466836e+04         3.801894e-22
5.011872e+04         4.786301e-22
5.623413e+04         6.025596e-22
6.309573e+04         7.244360e-22
7.079458e+04         8.511380e-22
7.943282e+04         9.772372e-22
8.912509e+04         1.047129e-21
1.000000e+05         1.023293e-21
1.122018e+05         9.549926e-22
1.258925e+05         9.332543e-22
1.412538e+05         9.772372e-22
1.584893e+05         1.047129e-21
1.778279e+05         1.071519e-21
1.995262e+05         1.096478e-21
2.238721e+05         1.096478e-21
2.511886e+05         1.023293e-21
2.818383e+05         7.413102e-22
3.162278e+05         4.466836e-22
3.548134e+05         2.818383e-22
3.981072e+05         2.187762e-22
4.466836e+05         1.949845e-22
5.011872e+05         1.949845e-22
5.623413e+05         1.949845e-22
6.309573e+05         1.737801e-22
7.079458e+05         1.380384e-22
7.943282e+05         1.174898e-22
8.912509e+05         1.122018e-22
1.000000e+06         1.096478e-22
1.122018e+06         1.096478e-22
1.258925e+06         1.096478e-22
1.412538e+06         1.122018e-22
1.584893e+06         1.148154e-22
1.778279e+06         1.071519e-22
1.995262e+06         8.511380e-23
2.238721e+06         6.309573e-23
2.511886e+06         4.897788e-23
2.818383e+06         4.073803e-23
3.162278e+06         3.630781e-23
3.548134e+06         3.311311e-23
3.981072e+06         3.162278e-23
4.466836e+06         2.951209e-23
5.011872e+06         2.754229e-23
5.623413e+06         2.570396e-23
6.309573e+06         2.511886e-23
7.079458e+06         2.511886e-23
7.943282e+06         2.570396e-23
8.912509e+06         2.691535e-23
1.000000e+07         2.691535e-23
1.122018e+07         2.570396e-23
1.258925e+07         2.398833e-23
1.412538e+07         2.238721e-23
1.584893e+07         2.089296e-23
1.778279e+07         1.995262e-23
1.995262e+07         1.905461e-23
2.238721e+07         1.862087e-23
2.511886e+07         1.862087e-23
2.818383e+07         1.862087e-23
3.162278e+07         1.862087e-23
3.548134e+07         1.905461e-23
3.981072e+07         1.949845e-23
4.466836e+07         1.995262e-23
5.011872e+07         2.089296e-23
5.623413e+07         2.137962e-23
6.309573e+07         2.238721e-23
7.079458e+07         2.290868e-23
7.943282e+07         2.398833e-23
8.912509e+07         2.511886e-23
1.000000e+08         2.630268e-23
1.122018e+08         2.754229e-23
1.258925e+08         2.884032e-23
1.412538e+08         2.951209e-23
1.584893e+08         3.090295e-23
1.778279e+08         3.235937e-23
1.995262e+08         3.388442e-23
2.238721e+08         3.548134e-23
2.511886e+08         3.715352e-23
2.818383e+08         3.981072e-23
3.162278e+08         4.168694e-23