 3.01443653e+00  9.39468883e-27
 3.08074113e+00  1.03219250e-26
 3.14704572e+00  1.13089817e-26
 3.21335032e+00  1.23646008e-26
 3.27965492e+00  1.34968556e-26
 3.34595952e+00  1.47275803e-26
 3.41226411e+00  1.60789950e-26
 3.47856871e+00  1.75715187e-26
 3.54487331e+00  1.91676116e-26
 3.61117791e+00  2.09700227e-26
 3.67748250e+00  2.29911979e-26
 3.74378710e+00  2.51546281e-26
 3.81009170e+00  2.72908524e-26
 3.87639630e+00  2.99398072e-26
 3.94270089e+00  3.57644129e-26
 4.00900549e+00  6.15948923e-26
 4.07531009e+00  9.03827394e-25
 4.14161469e+00  1.94675321e-23
 4.20791928e+00  1.08273656e-22
 4.27422388e+00  1.51564782e-22
 4.34052848e+00  1.29432011e-22
 4.40683308e+00  1.11398874e-22
 4.47313767e+00  1.09880215e-22
 4.53944227e+00  1.18156169e-22
 4.60574687e+00  1.36485024e-22
 4.67205147e+00  1.68873109e-22
 4.73835606e+00  2.20884530e-22
 4.80466066e+00  3.02755750e-22
 4.87096526e+00  4.10727517e-22
 4.93726986e+00  4.92160778e-22
 5.00357445e+00  5.29118078e-22
 5.06987905e+00  5.18954043e-22
 5.13618365e+00  4.98042724e-22
 5.20248825e+00  5.11965976e-22
 5.26879284e+00  5.27570375e-22
 5.33509744e+00  5.37495707e-22
 5.40140204e+00  5.23007600e-22
 5.46770664e+00  3.96911973e-22
 5.53401123e+00  2.60900373e-22
 5.60031583e+00  2.10353189e-22
 5.66662043e+00  1.98689538e-22
 5.73292503e+00  1.90217382e-22
 5.79922962e+00  1.71393797e-22
 5.86553422e+00  1.60224786e-22
 5.93183882e+00  1.62367798e-22
 5.99814342e+00  1.63785971e-22
 6.06444801e+00  1.56953824e-22
 6.13075261e+00  1.44693026e-22
 6.19705721e+00  1.26699704e-22
 6.26336181e+00  1.00995192e-22
 6.32966640e+00  7.54803143e-23
 6.39597100e+00  5.79063245e-23
 6.46227560e+00  4.60932573e-23
 6.52858020e+00  3.75224684e-23
 6.59488479e+00  3.22802656e-23
 6.66118939e+00  2.96992581e-23
 6.72749399e+00  2.88614004e-23
 6.79379859e+00  2.90728428e-23
 6.86010319e+00  2.99457917e-23
 6.92640778e+00  3.08534689e-23
 6.99271238e+00  3.11560219e-23
 7.05901698e+00  3.05166039e-23
 7.12532158e+00  2.86967425e-23
 7.19162617e+00  2.61687875e-23
 7.25793077e+00  2.38948880e-23
 7.32423537e+00  2.25058645e-23
 7.39053997e+00  2.19392259e-23
 7.45684456e+00  2.19567067e-23
 7.52314916e+00  2.24465345e-23
 7.58945376e+00  2.33967320e-23
 7.65575836e+00  2.45825539e-23
 7.72206295e+00  2.59632049e-23
 7.78836755e+00  2.75104567e-23
 7.85467215e+00  2.92027600e-23
 7.92097675e+00  3.10189148e-23
 7.98728134e+00  3.29371487e-23
 8.05358594e+00  3.52916773e-23
 8.11989054e+00  3.78824798e-23
 8.18619514e+00  4.06391766e-23
 8.25249973e+00  4.35666132e-23
 8.31880433e+00  4.66766845e-23
 8.38510893e+00  4.99744704e-23
 8.45141353e+00  5.34683891e-23
 8.51771812e+00  5.73422857e-23
 8.58402272e+00  6.20372731e-23
 8.65032732e+00  6.70959490e-23
 8.71663192e+00  7.25544911e-23
 8.78293651e+00  7.84495398e-23
 8.84924111e+00  8.48224866e-23
 8.91554571e+00  9.17306773e-23
 8.98185031e+00  9.92512077e-23